                                        
4444444444444444444444444444444444444444
4333333333333333333333333333333333333334
4333333333333333333333333333333333333334
4333333333333333333333333333333333333334
4333333333333333333333333333333333333334
4333333333333333333333333333333333333334
4333333333333333333333333333333333333334
4333333333333333333333333333333333333334
4333333333333333333333333333333333333334
4333333333333333333333333333333333333334
4333333333333333333333333333333333333334
4333333333333333333333333333333333333334
4333333333333333333333333333333333333334
4333333333333333333333333333333333333334
4333333333333333333333333333333333333334
4333333333333333333333333333333333333334
4333333333333333333333333333333333333334
4333333333333333333333333333333333333334
4333333333333333333333333333333333333334
4333333333333333333333333333333333333334
4333333333333333333333333333333333333334
4333333333333333333333333333333333333334
4333333333333333333333333333333333333334
4333333333333333333333333333333333333334
4333333333333333333333333333333333333334
4333333333333333333333333333333333333334
4333333333333333333333333333333333333334
4333333333333333333333333333333333333334
4333333333333333333333333333333333333334
4333333333333333333333333333333333333334
4333333333333333333333333333333333333334
4333333333333333333333333333333333333334
4333333333333333333333333333333333333334
4333333333333333333333333333333333333334
4333333333333333333333333333333333333334
4333333333333333333333333333333333333334
4333333333333333333333333333333333333334
4333333333333333333333333333333333333334
4333333333333333333333333333333333333334
4444444444444444444444444444444444444444

4444444444444444444444444444444444444444
4333333333333333333333333333333333333334
43333                                 34
43333                             333 34
43333   22222  22   22222           3 34
43333               2           333 3 34
43333               2             3 3 34
43333               2             3 3 34
43333               2             3 3 34
43         2222222222     22222   3 3 34
43 33                             3 3 34
43 33        2                    3 3 34
43 33        2                    3 3 34
43 33        2                    3 3 34
43 33        2                    3 3 34
43 33222222  2  222222 2222     223 3 34
43 33                             3 3 34
43 33                             3 3 34
43 33                             3 3 34
43 33                               3 34
43 3333333333333333  3333333333333333 34
43 3333333333333333        3333333333 34
43                3333333             34
4333333333333333  3333333333333333333 34
43333                             333 34
43333                             333 34
43333                             333 34
43333                       222 22333 34
43333                       2    2333 34
43333                       2    2333 34
43333                            2333 34
4333333333                  222222333 34
4333333333                  22222233  34
4333333333                  2222223  334
43333                       2222223 3334
43333                       2222223   34
4333333333  3333333333333333333333333 34
4333333333                            34
4333333333333333333333333333333333333334
4444444444444444444444444444444444444444

4444444444444444444444444444444444444444
4333333333333333333333333333333333333334
43333                                 34
43333                             333 34
43333   2  2   22   22  2           3 34
43333                           333 3 34
43333                             3 3 34
43333                             3 3 34
43333                             3 3 34
43         2  2     2     2   2   3 3 34
43 33                             3 3 34
43 33        2                    3 3 34
43 33                             3 3 34
43 33                             3 3 34
43 33                             3 3 34
43 332   22  2     22    2       23 3 34
43 33                             3 3 34
43 33                             3 3 34
43 33                             3 3 34
43 33                               3 34
43 3333333333333333  3333333333333333 34
43 3333333333333333        3333333333 34
43                3333333             34
4333333333333333  3333333333333333333 34
43333                             333 34
43333                             333 34
43333                             333 34
43333                       222 22333 34
43333                            2333 34
43333                       2    2333 34
43333                            2333 34
433333333                   222222333 34
433333333                    2   233  34
433333333                    2   23  334
43333                            23 3334
43333                        222223   34
4333333333  3333333333333333333333333 34
4333333333                            34
4333333333333333333333333333333333333334
4444444444444444444444444444444444444444

4444444444444444444444444444444444444444
4333333333333333333333333333333333333334
43333                                 34
43333                             333 34
43333   2  2   22   22  2           3 34
43333                           333 3 34
43333                             3 3 34
43333                             3 3 34
43333                             3 3 34
43         2  2     2     2   2   3 3 34
43 33                             3 3 34
43 33        2                    3 3 34
43 33                             3 3 34
43 33                             3 3 34
43 33                             3 3 34
43 332   22  2     22    2       23 3 34
43 33                             3 3 34
43 33                             3 3 34
43 33                             3 3 34
43 33                               3 34
43 3333333333333333  3333333333333333 34
43 3333333333333333        3333333333 34
43                3333333             34
4333333333333333  3333333333333333333 34
43333                             333 34
43333                             333 34
43333                             333 34
43333                       222222333 34
43333                            2333 34
43333                       2    2333 34
43333                       2    2333 34
43333333                    222222333 34
43333333                     2   233  34
43333333                     2   23  334
43333                            23 3334
43333                        222223   34
4333333333  3333333333333333333333333 34
4333333333                            34
4333333333333333333333333333333333333334
4444444444444444444444444444444444444444

4444444444444444444444444444444444444444
4333333333333333333333333333333333333334
43333                                 34
43333                             333 34
43333   2  2   22   22  2           3 34
43333                           333 3 34
43333                             3 3 34
43333                             3 3 34
43333                             3 3 34
43         2  2     2     2   2   3 3 34
43 33                             3 3 34
43 33        2                    3 3 34
43 33                             3 3 34
43 33                             3 3 34
43 33                             3 3 34
43 332   22  2     22    2       23 3 34
43 33                             3 3 34
43 33                             3 3 34
43 33                             3 3 34
43 33                               3 34
43 3333333333333333  3333333333333333 34
43 3333333333333333        3333333333 34
43                3333333             34
4333333333333333  3333333333333333333 34
43333                             333 34
43333                             333 34
43333                             333 34
43333                       222222333 34
43333                       222222333 34
43333                       222222333 34
43333                       222222333 34
4333333                     222222333 34
4333333                      2222233  34
4333333                      2   23  334
43333                        2   23 3334
43333                        222223   34
4333333333  3333333333333333333333333 34
4333333333                            34
4333333333333333333333333333333333333334
4444444444444444444444444444444444444444

4444444444444444444444444444444444444444
4333333333333333333333333333333333333334
43333333333333333333333333      33333334
43333333333333333333333333      33333334
43333333333333333333333333      33333334
4333333333333333333333333333333333333334
433333333333333333    333333333333333334
433333333333333333    333333333333333334
433333333333333333    333333333333333334
4333333333333333333333333333333333333334
4333333333333333333333333333333333333334
4333333333333333333333333333333333333334
4333333333333333333333333333333333333334
4333333333333333333333333333333333333334
4333333333333333333333333333333333333334
4333333333333333333333333333333333333334
4333333333333333333333333333333333333334
4333333333333333333333333333333333333334
43333333333333333333    3333333333333334
43333333333333333333    3333333333333334
4333333333333333333333333333333333333334
4333333333333333333333333333333333333334
4333333333333333333333333333333333333334
4333333333333333333333333333333333333334
4333333333333333333333333333333333333334
4333333333333333333333333333333333333334
4333333333333333333333333333333333333334
4333333333333333333333333333333333333334
4333333333333333333333333333333333333334
4333333333333333333333333333333333333334
4333333333333333333333333333333333333334
433333        33333333333333333333333334
433333        33333333333333322222333334
433333        33333333333333322222333334
4333333333333333333333333333333333333334
4333333333333333333333333333333333333334
4333333333333333333333333333333333333334
4333333333333333333333333333333333333334
4333333333333333333333333333333333333334
4444444444444444444444444444444444444444

4444444444444444444444444444444444444444
4222222222222211111111111111111111111114
42222222222222111111111111      11111114
42222222222222111111111111      11111114
42222222222222111111111111      11111114
4222222222222211111111111111111111111114
422222222222221111    111222222222222224
422222222222221111    111222222222222224
411111111111111111    111222222222222224
4111111111111111111111111222222222222224
4111111111111111111111111222222222222224
4111111111111111111111111222222222222224
4111111111111111111111111222222222222224
4111111111111111111111111222222222222224
4111111111111111111111111222222222222224
4222222222111111111111111111111111111114
4222222222111111111111111111111111111114
4222222222111111111111111111111111111114
42222222221111111111    1111111111111114
42222222221111111111    1111111111111114
4111111111111111111111111111111111111114
4111111111111111111111111111111111111114
4111111111111111111111111111111111111114
4111111111111111111111111111111111111114
4111111111111111111111111111111111111114
4111111111111111111111111111111111111114
4111111111111111111111111111111111111114
4111111111111111111111111111111111111114
4111111111111111111111111111111111111114
4111111111111111111111111111111111111114
4111111111111111111111111111111111111114
41111         11111111111111111111111114
41111         11111111111111111111111114
41111         11111111111111111111111114
4111111111111111111111111111111111111114
4111111111111111111111111111111111111114
4111111111111111111111111111111111111114
4111111111111111111111111111111111111114
4111111111111111111111111111111111111114
4444444444444444444444444444444444444444

4444444444444444444444444444444444444444
42222222222222                         4
42 44444444442      333         33     4
42                  333         33     4
42           2      333                4
42           2                         4
42           2           222222222 22224
422 2222222 22           2 444444   4444
4                        2            24
4                        2            24
4     333        33                   24
4     333        33      2            24
4     333                2            24
4                        2            24
4                        2            24
4222222 22        33     222 22222222224
424444   2                             4
42       2                             4
42       2                             4
42                                     4
422 222222        33          33       4
4                 33          33       4
4                                      4
4                                      4
4                                      4
4       333                            4
4       333                33          4
4       333                33          4
4                                      4
4                                      4
4                                    334
4                                    334
4                                      4
4                                      4
4                                      4
4                                      4
4      33                              4
4      33                        33    4
4                                33    4
4444444444444444444444444444444444444444

4444444444444444444444444444444444444444
42222222222222                         4
42  4444444442      333         33     4
42                  333         33     4
42           2      333                4
42           2                         4
42           2           222222222 22224
422 22   22 22           2  44444   4424
4                        2            24
4                        2            24
4     333        33                   24
4     333        33      2            24
4     333                2            24
4                                     24
4                                     24
4222222 22        33     222 22      224
42444    2                             4
42       2                             4
42       2                             4
42                                     4
422 22  22        33          33       4
4                 33          33       4
4                                      4
4                                      4
4                                      4
4       333                            4
4       333                33          4
4       333                33          4
4                                      4
4                                      4
4                                    334
4                                    334
4                                      4
4                                      4
4                                      4
4                                      4
4      33                              4
4      33                        33    4
4                                33    4
4444444444444444444444444444444444444444

4444444444444444444444444444444444444444
42222222222222                         4
42   444444442      333         33     4
42           2      333         33     4
42           2      333                4
42           2                         4
42           2           222222222222224
42222222222222           2   44444444424
4                        2            24
4                        2            24
4     333        33      2            24
4     333        33      2            24
4     333                2            24
4                        2            24
4                        2            24
4222222222        33     222222222222224
4244     2                             4
42       2                             4
42       2                             4
42       2                             4
4222222222        33          33       4
4                 33          33       4
4                                      4
4                                      4
4                                      4
4       333                            4
4       3333               33          4
4       333                33          4
4                                      4
4                                      4
4                                    334
4                                    334
4                                      4
4                                      4
4                                      4
4                                      4
4      33                              4
4      33                        33    4
4                                33    4
4444444444444444444444444444444444444444

4444444444444444444444444444444444444444
42222222222222                  11     4
42    44444442      333       11331    4
42           2      3333      113311   4
42           2      333        1111    4
42           2       3                 4
42           2           222222222222224
42222222222222           2    4444444424
4                        2            24
4               1111     2            24
4     333      113311    2            24
4     3333     113311    2            24
4     333       1111     2            24
4                        2            24
4                 11     2            24
4222222222       1331    222222222222224
424      2        11                   4
4222222222                             4
4222222222                             4
4222222222                    111      4
4222222222        33         1331      4
4                 33         1331      4
4                             11       4
4                                      4
4                                      4
4       3333              1111         4
4       33333            113311        4
4       333              113311        4
4                         1111         4
4                                   1114
4                                  11334
4                                  11334
4                                    114
4                                      4
4     1                                4
4    1111                              4
4    11331                       11    4
4     13311                     1331   4
4      11                      113311  4
4444444444444444444444444444444444444444

4444444444444444444444444444444444444444
42222222222222      111         11     4
42     4444442     133331       1331   4
42           2     1333331      1331   4
42           2     13333         11    4
42           2     1133                4
42           2      13   222222222222224
4222      2222           2     444444424
4                        222222222222224
4     111        11      222222222222224
4   113331      1331     222222222222224
4  11133333     1331     222222222222224
4   113331       11      222222222222224
4     111                222222222222224
4                        222222222222224
4222222222        11     222222222222224
42       2                             4
424      2                             4
424      2                             4
424      2       1111                  4
4222222222      113311        111      4
4               113311        111      4
4                1111          1       4
4        11                            4
4       1111                           4
4     1133333              1111        4
4    111333331           113311        4
4     1133311            113311        4
4       1111              1111        14
4                                    114
4                                   1134
4                                   1134
4                                     14
4                                      4
4                                      4
4     11                               4
4     131                              4
4     1331                       11    4
4      1                        1331   4
4444444444444444444444444444444444444444

4                                       
 2222222222222       1           1      
 2      444442      13331        131    
 2222222222222     1333331       131    
 2222222222222      13331         1     
 2222222222222      1331                
 2222222222222      131  22222222222222 
 2222222222222       1   2      4444442 
                         2            2 
       11                2            2 
     1333111     11      2            2 
    113333331    11      2            2 
     1333111             2            2 
       11                2            2 
                         2            2 
 222222222               22222222222222 
 2       2                              
 2                                     
 24                                    
 24      2        11                    
 222    22       1331                   
                 1331          11       
                  11                    
          1                             
         11111                          
       1133331             11           
       1333331            1331          
       133311             1331          
         111               11           
                                      1 
                                     11 
                                     11 
                                      1 
                                        
                                        
                                        
       1                                
      131                               
       1                         11     
                                       4

4                                       
 2222222222222                          
 2       44442       111          1     
 2           2      11111         1     
 2           2       111                
 2           2       11                 
 2           2       1   22222222222222 
 2222222222222           2       444442 
                                      2 
                                      2 
      11111                           2 
     1111111                          2 
      11111                           2 
       1                              2 
                         2            2 
 222222222               22   22     22 
 2       2                              
 2       2                              
 2       2                              
 24      2        1                     
 222222222        11                    
                  11                    
                   1                    
                                        
          11                            
         1111               1           
        11111              11           
        111                11           
         1                 1            
                                        
                                      1 
                                      1 
                                        
                                        
                                        
                                        
                                        
       1                                
                                        
                                       4

4                                       
 2222222222222                          
 2        4442         1          1     
 2           2       111                
 2                   11                 
 2                   1                  
 2           2           22222222222222 
 222       222           2        44442 
                         2            2 
                                      2 
        11                            2 
       111                            2 
        11                            2 
                         2            2 
                         2            2 
 222222222               22   22     22 
 2 2222222                              
 2 2222222                              
 2 2222222                              
 2 2222222                              
 222222222         1                    
                  1                     
                                        
                                        
                                        
          11                            
         111               1            
                                        
                                        
                                        
                                        
                                        
                                        
                                        
                                        
                                        
                                        
                                        
                                        
                                       4

4                                       
 2222222222222                          
 2         442                          
 2           2       11                 
 2           2       1                  
 2           2                          
 2           2           22222222222222 
 2222222222222           2         4442 
                         22222222222222 
                         22222222222222 
                         22222222222222 
        11               22222222222222 
                         22222222222222 
                         22222222222222 
                         22222222222222 
 222222222               22222222222222 
 2      42                              
 2      42                              
 2      42                              
 2      42                              
 222222222                              
                                        
                                        
                                        
                                        
                                        
         11                             
                                        
                                        
                                        
                                        
                                        
                                        
                                        
                                        
                                        
                                        
                                        
                                        
                                       4

4                                       
 2222222222222                          
 2          42                          
 2222222222222       1                  
 2222222222222                          
 2222222222222                          
 2222222222222           22222222222222 
 2222222222222           2          442 
                         2            2 
                         2            2 
                         2            2 
                         2            2 
                         2            2 
                         2            2 
                         2            2 
 22    222               22222222222222 
 2      42                              
 2      42                              
 2      42                              
 2       2                              
 222   222                              
                                        
                                        
                                        
                                        
                                        
                                        
                                        
                                        
                                        
                                        
                                        
                                        
                                        
                                        
                                        
                                        
                                        
                                        
                                       4

4                                       
 2222222222222                          
 2           2                          
 2           2                          
 2           2                          
 2           2                          
 2        4442           22222222222222 
 2222222222222           2           42 
                                      2 
                                      2 
                                      2 
                                      2 
                                      2 
                         2            2 
                         2            2 
 222222222               222        222 
 2      42                              
 2      42                              
 2       2                              
 2       2                              
 222222222                              
                                        
                                        
                                        
                                        
                                        
                                        
                                        
                                        
                                        
                                        
                                        
                                        
                                        
                                        
                                        
                                        
                                        
                                        
                                       4

4                                       
 2222222222222                          
 2           2                          
 2                                      
 2                                      
 2           2                          
 2        44 2           22222222222222 
 22      22222           2            2 
                         2           42 
                         2            2 
                         2            2 
                         2            2 
                         2            2 
                         2            2 
                         2            2 
 222222222               22222222222222 
 222222222                              
 2222222 2                              
 2222222 2                              
 2222222 2                              
 222222222                              
                                        
                                        
                                        
                                        
                                        
                                        
                                        
                                        
                                        
                                        
                                        
                                        
                                        
                                        
                                        
                                        
                                        
                                        
                                       4

4                444                       
 2222222222222  444444                     
 2           2      444                  
 2           2      4444                  
 2           2       444                  
 2           2        44                  
 2        4  2        44422222222222222 
 2222222222222         44222          2 
               444     44222222222222 2 
             444444     422222222222222 
                 44      22222222222222 
                 44      22222222222222 
       4444444  444     422222222222222 
      44444  4444 4  444422222222222222 
    4444          4  4  422222222222222 
 222222222        4444   22222222222222 
 2       2                            
 2       2          444      4444            
 2       2           444     44       
 2       2                        44    
 222222222                       44444    
           4      4444   444      444     
      444444        44     4444                  
      44  444      44            444           
          44      44444        44444  
                     44                  
              44444                      
     4444       4444             4444           
      4444             4444       444       
                       44444                 
               444     44              
               44444                        
     4444                  444                
    444         44          44          
                44                       
        444                              
        4444            444             
                        444          
                                        
                                       4

4                                       
 2222222222222                          
 2222222222222 444                          
 2222222222222444                          
 2222222222222                          
 2222222222222                          
 222222222   2           22222222222222 
 2222222222222                        2 
       444444                         2 
         44444                        2 
                         2            2 
                         2            2 
                                      2 
                                      2 
                                      2 
                         22222222222222 
                                        
                                        
                                        
                                        
                                          
                                        
                                        
                                        
                                        
                                        
                                        
                                        
                                        
                                        
                                        
                                        
                                        
                                        
                                        
                                        
                                        
                                        
                                        
                                       4